0.0142203698 0.0000000000 0.0000000000 -0.0221133835 0.0000000000 0.0000000000 0.0026347245 0.0000000000 0.0000000000 0.0052584304 0.0000000000 0.0000000000
0.0000000000 0.0142203697 0.0000000000 0.0000000000 -0.0221131226 0.0000000000 0.0000000000 0.0026345158 0.0000000000 0.0000000000 0.0052578563 0.0000000000
0.0000000000 0.0000000000 0.4090227443 0.0000000000 0.0000000000 -0.4158787027 0.0000000000 0.0000000000 0.0063362542 0.0000000000 0.0000000000 0.0005207019
-0.0221133835 0.0000000000 0.0000000000 0.0439836611 0.0000000000 0.0000000000 -0.0245051233 0.0000000000 0.0000000000 0.0026347245 0.0000000000 0.0000000000
0.0000000000 -0.0221131226 0.0000000000 0.0000000000 0.0439843962 0.0000000000 0.0000000000 -0.0245052276 0.0000000000 0.0000000000 0.0026345158 0.0000000000
0.0000000000 0.0000000000 -0.4158787027 0.0000000000 0.0000000000 1.4688584756 0.0000000000 0.0000000000 -1.0593170727 0.0000000000 0.0000000000 0.0063362542
0.0026347245 0.0000000000 0.0000000000 -0.0245051233 0.0000000000 0.0000000000 0.0439836611 0.0000000000 0.0000000000 -0.0221133835 0.0000000000 0.0000000000
0.0000000000 0.0026345158 0.0000000000 0.0000000000 -0.0245052276 0.0000000000 0.0000000000 0.0439843962 0.0000000000 0.0000000000 -0.0221131226 0.0000000000
0.0000000000 0.0000000000 0.0063362542 0.0000000000 0.0000000000 -1.0593170727 0.0000000000 0.0000000000 1.4688584756 0.0000000000 0.0000000000 -0.4158787027
0.0052584304 0.0000000000 0.0000000000 0.0026347245 0.0000000000 0.0000000000 -0.0221133835 0.0000000000 0.0000000000 0.0142203698 0.0000000000 0.0000000000
0.0000000000 0.0052578563 0.0000000000 0.0000000000 0.0026345158 0.0000000000 0.0000000000 -0.0221131226 0.0000000000 0.0000000000 0.0142203697 0.0000000000
0.0000000000 0.0000000000 0.0005207019 0.0000000000 0.0000000000 0.0063362542 0.0000000000 0.0000000000 -0.4158787027 0.0000000000 0.0000000000 0.4090227443
