0.4167359000 0.0000000000 0.0000000000 -0.0410373000 0.0000000000 0.0000000000 -0.1878644000 0.0847893000 0.0000000000 -0.1878644000 -0.0847893000 0.0000000000
0.0000000000 0.4166828000 0.0000000000 0.0000000000 -0.2367877000 0.0000000000 0.0847880000 -0.0899780000 0.0000000000 -0.0847880000 -0.0899780000 0.0000000000
0.0000000000 0.0000000000 0.1203127000 0.0000000000 0.0000000000 -0.0400971000 0.0000000000 0.0000000000 -0.0400912000 0.0000000000 0.0000000000 -0.0400912000
-0.0410373000 0.0000000000 0.0000000000 0.0338009000 0.0000000000 0.0000000000 0.0036265000 0.0173980000 0.0000000000 0.0036265000 -0.0173980000 0.0000000000
0.0000000000 -0.2367877000 0.0000000000 0.0000000000 0.2481986000 0.0000000000 -0.0012470000 -0.0057015000 0.0000000000 0.0012470000 -0.0057015000 0.0000000000
0.0000000000 0.0000000000 -0.0400971000 0.0000000000 0.0000000000 0.0133515000 0.0000000000 0.0000000000 0.0133672000 0.0000000000 0.0000000000 0.0133672000
-0.1878644000 0.0847880000 0.0000000000 0.0036265000 -0.0012470000 0.0000000000 0.1946112000 -0.0928697000 0.0000000000 -0.0103664000 0.0093202000 0.0000000000
0.0847893000 -0.0899780000 0.0000000000 0.0173980000 -0.0057015000 0.0000000000 -0.0928697000 0.0874142000 0.0000000000 -0.0093202000 0.0082918000 0.0000000000
0.0000000000 0.0000000000 -0.0400912000 0.0000000000 0.0000000000 0.0133672000 0.0000000000 0.0000000000 0.0133453000 0.0000000000 0.0000000000 0.0133677000
-0.1878644000 -0.0847880000 0.0000000000 0.0036265000 0.0012470000 0.0000000000 -0.0103664000 -0.0093202000 0.0000000000 0.1946112000 0.0928697000 0.0000000000
-0.0847893000 -0.0899780000 0.0000000000 -0.0173980000 -0.0057015000 0.0000000000 0.0093202000 0.0082918000 0.0000000000 0.0928697000 0.0874142000 0.0000000000
0.0000000000 0.0000000000 -0.0400912000 0.0000000000 0.0000000000 0.0133672000 0.0000000000 0.0000000000 0.0133677000 0.0000000000 0.0000000000 0.0133453000
