0.4163619001 0.0000000000 0.0000000000 -0.0409932306 0.0000000000 0.0000000000 -0.1876873369 0.0846956750 0.0000000000 -0.1876873369 -0.0846956750 0.0000000000
0.0000000000 0.4163065781 0.0000000000 0.0000000000 -0.2365593253 0.0000000000 0.0847002471 -0.0898759086 0.0000000000 -0.0847002471 -0.0898759086 0.0000000000
0.0000000000 0.0000000000 0.1203476231 0.0000000000 0.0000000000 -0.0401174349 0.0000000000 0.0000000000 -0.0401116070 0.0000000000 0.0000000000 -0.0401116070
-0.0409932306 0.0000000000 0.0000000000 0.0337461318 0.0000000000 0.0000000000 0.0036253977 0.0173789809 0.0000000000 0.0036253977 -0.0173789809 0.0000000000
0.0000000000 -0.2365593253 0.0000000000 0.0000000000 0.2478867447 0.0000000000 -0.0012945589 -0.0056640855 0.0000000000 0.0012945589 -0.0056640855 0.0000000000
0.0000000000 0.0000000000 -0.0401174349 0.0000000000 0.0000000000 0.0133739420 0.0000000000 0.0000000000 0.0133705395 0.0000000000 0.0000000000 0.0133705395
-0.1876873369 0.0847002471 0.0000000000 0.0036253977 -0.0012945589 0.0000000000 0.1943706020 -0.0927397652 0.0000000000 -0.0103076800 0.0093355388 0.0000000000
0.0846956750 -0.0898759086 0.0000000000 0.0173789809 -0.0056640855 0.0000000000 -0.0927397652 0.0872713821 0.0000000000 -0.0093355388 0.0082709385 0.0000000000
0.0000000000 0.0000000000 -0.0401116070 0.0000000000 0.0000000000 0.0133705395 0.0000000000 0.0000000000 0.0133677464 0.0000000000 0.0000000000 0.0133708506
-0.1876873369 -0.0847002471 0.0000000000 0.0036253977 0.0012945589 0.0000000000 -0.0103076800 -0.0093355388 0.0000000000 0.1943706020 0.0927397652 0.0000000000
-0.0846956750 -0.0898759086 0.0000000000 -0.0173789809 -0.0056640855 0.0000000000 0.0093355388 0.0082709385 0.0000000000 0.0927397652 0.0872713821 0.0000000000
0.0000000000 0.0000000000 -0.0401116070 0.0000000000 0.0000000000 0.0133705395 0.0000000000 0.0000000000 0.0133708506 0.0000000000 0.0000000000 0.0133677464
