0.0142305000 0.0000000000 0.0000000000 -0.0219576000 0.0000000000 0.0000000000 0.0022709000 0.0000000000 0.0000000000 0.0054568000 0.0000000000 0.0000000000
0.0000000000 0.0142293000 0.0000000000 0.0000000000 -0.0219578000 0.0000000000 0.0000000000 0.0022713000 0.0000000000 0.0000000000 0.0054574000 0.0000000000
0.0000000000 0.0000000000 0.4087877000 0.0000000000 0.0000000000 -0.4160411000 0.0000000000 0.0000000000 0.0071117000 0.0000000000 0.0000000000 0.0001416000
-0.0219576000 0.0000000000 0.0000000000 0.0433625000 0.0000000000 0.0000000000 -0.0236764000 0.0000000000 0.0000000000 0.0022709000 0.0000000000 0.0000000000
0.0000000000 -0.0219578000 0.0000000000 0.0000000000 0.0433628000 0.0000000000 0.0000000000 -0.0236765000 0.0000000000 0.0000000000 0.0022713000 0.0000000000
0.0000000000 0.0000000000 -0.4160411000 0.0000000000 0.0000000000 1.4673265000 0.0000000000 0.0000000000 -1.0583966000 0.0000000000 0.0000000000 0.0071117000
0.0022709000 0.0000000000 0.0000000000 -0.0236764000 0.0000000000 0.0000000000 0.0433625000 0.0000000000 0.0000000000 -0.0219576000 0.0000000000 0.0000000000
0.0000000000 0.0022713000 0.0000000000 0.0000000000 -0.0236765000 0.0000000000 0.0000000000 0.0433628000 0.0000000000 0.0000000000 -0.0219578000 0.0000000000
0.0000000000 0.0000000000 0.0071117000 0.0000000000 0.0000000000 -1.0583966000 0.0000000000 0.0000000000 1.4673265000 0.0000000000 0.0000000000 -0.4160411000
0.0054568000 0.0000000000 0.0000000000 0.0022709000 0.0000000000 0.0000000000 -0.0219576000 0.0000000000 0.0000000000 0.0142305000 0.0000000000 0.0000000000
0.0000000000 0.0054574000 0.0000000000 0.0000000000 0.0022713000 0.0000000000 0.0000000000 -0.0219578000 0.0000000000 0.0000000000 0.0142293000 0.0000000000
0.0000000000 0.0000000000 0.0001416000 0.0000000000 0.0000000000 0.0071117000 0.0000000000 0.0000000000 -0.4160411000 0.0000000000 0.0000000000 0.4087877000
