0.4165127000 0.0000000000 0.0000000000 -0.0408632000 0.0000000000 0.0000000000 -0.1878399000 0.0848749000 0.0000000000 -0.1878399000 -0.0848749000 0.0000000000
0.0000000000 0.4164590000 0.0000000000 0.0000000000 -0.2368123000 0.0000000000 0.0848738000 -0.0898542000 0.0000000000 -0.0848738000 -0.0898542000 0.0000000000
0.0000000000 0.0000000000 0.1200365000 0.0000000000 0.0000000000 -0.0400046000 0.0000000000 0.0000000000 -0.0399989000 0.0000000000 0.0000000000 -0.0399989000
-0.0408632000 0.0000000000 0.0000000000 0.0337019000 0.0000000000 0.0000000000 0.0035890000 0.0173620000 0.0000000000 0.0035890000 -0.0173620000 0.0000000000
0.0000000000 -0.2368123000 0.0000000000 0.0000000000 0.2482569000 0.0000000000 -0.0012463000 -0.0057181000 0.0000000000 0.0012463000 -0.0057181000 0.0000000000
0.0000000000 0.0000000000 -0.0400046000 0.0000000000 0.0000000000 0.0133202000 0.0000000000 0.0000000000 0.0133363000 0.0000000000 0.0000000000 0.0133363000
-0.1878399000 0.0848738000 0.0000000000 0.0035890000 -0.0012463000 0.0000000000 0.1946304000 -0.0929381000 0.0000000000 -0.0103727000 0.0093018000 0.0000000000
0.0848749000 -0.0898542000 0.0000000000 0.0173620000 -0.0057181000 0.0000000000 -0.0929381000 0.0873545000 0.0000000000 -0.0093018000 0.0082446000 0.0000000000
0.0000000000 0.0000000000 -0.0399989000 0.0000000000 0.0000000000 0.0133363000 0.0000000000 0.0000000000 0.0133145000 0.0000000000 0.0000000000 0.0133366000
-0.1878399000 -0.0848738000 0.0000000000 0.0035890000 0.0012463000 0.0000000000 -0.0103727000 -0.0093018000 0.0000000000 0.1946304000 0.0929381000 0.0000000000
-0.0848749000 -0.0898542000 0.0000000000 -0.0173620000 -0.0057181000 0.0000000000 0.0093018000 0.0082446000 0.0000000000 0.0929381000 0.0873545000 0.0000000000
0.0000000000 0.0000000000 -0.0399989000 0.0000000000 0.0000000000 0.0133363000 0.0000000000 0.0000000000 0.0133366000 0.0000000000 0.0000000000 0.0133145000
