0.4162453000 0.0000000000 0.0000000000 -0.0409001000 0.0000000000 0.0000000000 -0.1876887000 0.0847669000 0.0000000000 -0.1876887000 -0.0847669000 0.0000000000
0.0000000000 0.4161920000 0.0000000000 0.0000000000 -0.2365992000 0.0000000000 0.0847656000 -0.0898279000 0.0000000000 -0.0847656000 -0.0898279000 0.0000000000
0.0000000000 0.0000000000 0.1202299000 0.0000000000 0.0000000000 -0.0400694000 0.0000000000 0.0000000000 -0.0400638000 0.0000000000 0.0000000000 -0.0400638000
-0.0409001000 0.0000000000 0.0000000000 0.0337331000 0.0000000000 0.0000000000 0.0035918000 0.0173790000 0.0000000000 0.0035918000 -0.0173790000 0.0000000000
0.0000000000 -0.2365992000 0.0000000000 0.0000000000 0.2479990000 0.0000000000 -0.0012989000 -0.0056952000 0.0000000000 0.0012989000 -0.0056952000 0.0000000000
0.0000000000 0.0000000000 -0.0400694000 0.0000000000 0.0000000000 0.0133429000 0.0000000000 0.0000000000 0.0133578000 0.0000000000 0.0000000000 0.0133578000
-0.1876887000 0.0847656000 0.0000000000 0.0035918000 -0.0012989000 0.0000000000 0.1944445000 -0.0928126000 0.0000000000 -0.0103396000 0.0093367000 0.0000000000
0.0847669000 -0.0898279000 0.0000000000 0.0173790000 -0.0056952000 0.0000000000 -0.0928126000 0.0873134000 0.0000000000 -0.0093367000 0.0082366000 0.0000000000
0.0000000000 0.0000000000 -0.0400638000 0.0000000000 0.0000000000 0.0133578000 0.0000000000 0.0000000000 0.0133367000 0.0000000000 0.0000000000 0.0133582000
-0.1876887000 -0.0847656000 0.0000000000 0.0035918000 0.0012989000 0.0000000000 -0.0103396000 -0.0093367000 0.0000000000 0.1944445000 0.0928126000 0.0000000000
-0.0847669000 -0.0898279000 0.0000000000 -0.0173790000 -0.0056952000 0.0000000000 0.0093367000 0.0082366000 0.0000000000 0.0928126000 0.0873134000 0.0000000000
0.0000000000 0.0000000000 -0.0400638000 0.0000000000 0.0000000000 0.0133578000 0.0000000000 0.0000000000 0.0133582000 0.0000000000 0.0000000000 0.0133367000
