0.0141766000 0.0000000000 0.0000000000 -0.0217207000 0.0000000000 0.0000000000 0.0019415000 0.0000000000 0.0000000000 0.0056036000 0.0000000000 0.0000000000
0.0000000000 0.0141755000 0.0000000000 0.0000000000 -0.0217206000 0.0000000000 0.0000000000 0.0019412000 0.0000000000 0.0000000000 0.0056038000 0.0000000000
0.0000000000 0.0000000000 0.4100872000 0.0000000000 0.0000000000 -0.4174993000 0.0000000000 0.0000000000 0.0076755000 0.0000000000 0.0000000000 -0.0002636000
-0.0217207000 0.0000000000 0.0000000000 0.0426044000 0.0000000000 0.0000000000 -0.0228258000 0.0000000000 0.0000000000 0.0019415000 0.0000000000 0.0000000000
0.0000000000 -0.0217206000 0.0000000000 0.0000000000 0.0426058000 0.0000000000 0.0000000000 -0.0228264000 0.0000000000 0.0000000000 0.0019412000 0.0000000000
0.0000000000 0.0000000000 -0.4174993000 0.0000000000 0.0000000000 1.4668949000 0.0000000000 0.0000000000 -1.0570707000 0.0000000000 0.0000000000 0.0076755000
0.0019415000 0.0000000000 0.0000000000 -0.0228258000 0.0000000000 0.0000000000 0.0426044000 0.0000000000 0.0000000000 -0.0217207000 0.0000000000 0.0000000000
0.0000000000 0.0019412000 0.0000000000 0.0000000000 -0.0228264000 0.0000000000 0.0000000000 0.0426058000 0.0000000000 0.0000000000 -0.0217206000 0.0000000000
0.0000000000 0.0000000000 0.0076755000 0.0000000000 0.0000000000 -1.0570707000 0.0000000000 0.0000000000 1.4668949000 0.0000000000 0.0000000000 -0.4174993000
0.0056036000 0.0000000000 0.0000000000 0.0019415000 0.0000000000 0.0000000000 -0.0217207000 0.0000000000 0.0000000000 0.0141766000 0.0000000000 0.0000000000
0.0000000000 0.0056038000 0.0000000000 0.0000000000 0.0019412000 0.0000000000 0.0000000000 -0.0217206000 0.0000000000 0.0000000000 0.0141755000 0.0000000000
0.0000000000 0.0000000000 -0.0002636000 0.0000000000 0.0000000000 0.0076755000 0.0000000000 0.0000000000 -0.4174993000 0.0000000000 0.0000000000 0.4100872000
